6

5
1 2 3 4 5 
6 7 8 9 10 
11 12 13 14 15 
16 17 18 19 20 
21 22 23 24 25 

25 24 23 22 21 
16 17 18 19 20 
15 14 13 12 11 
6 7 8 9 10 
5 4 3 2 1 


6
36 35 34 33 32 31 
30 29 28 27 26 25 
24 23 22 21 20 19 
18 17 16 15 14 13 
12 11 10 9 8 7 
6 5 4 3 2 1 

1 2 3 4 5 6 
7 8 9 10 11 12 
13 14 15 16 17 18 
19 20 21 22 23 24 
25 26 27 28 29 30 
31 32 33 34 35 36 


7
1 2 3 4 5 6 7 
14 13 12 11 10 9 8 
15 16 17 18 19 20 21 
28 27 26 25 24 23 22 
29 30 31 32 33 34 35 
42 41 40 39 38 37 36 
43 44 45 46 47 48 49 

49 48 47 46 45 44 43 
42 41 40 39 38 37 36 
35 34 33 32 31 30 29 
28 27 26 25 24 23 22 
21 20 19 18 17 16 15 
14 13 12 11 10 9 8 
7 6 5 4 3 2 1 


8
1 9 17 25 33 41 49 57 
2 10 18 26 34 42 50 58 
3 11 19 27 35 43 51 59 
4 12 20 28 36 44 52 60 
5 13 21 29 37 45 53 61 
6 14 22 30 38 46 54 62 
7 15 23 31 39 47 55 63 
8 16 24 32 40 48 56 64 

64 63 62 61 60 59 58 57 
56 55 54 53 52 51 50 49 
48 47 46 45 44 43 42 41 
40 39 38 37 36 35 34 33 
32 31 30 29 28 27 26 25 
24 23 22 21 20 19 18 17 
16 15 14 13 12 11 10 9 
8 7 6 5 4 3 2 1 

9
1 2 3 4 5 6 7 8 9 
10 11 12 13 14 15 16 17 18 
19 20 21 22 23 24 25 26 27 
28 29 30 31 32 33 34 35 36 
37 38 39 40 41 42 43 44 45 
46 47 48 49 50 51 52 53 54 
55 56 57 58 59 60 61 62 63 
64 65 66 67 68 69 70 71 72 
73 74 75 76 77 78 79 80 81 

-81 -80 -79 -78 -77 -76 -75 -74 -73 
-72 -71 -70 -69 -68 -67 -66 -65 -64 
-63 -62 -61 -60 -59 -58 -57 -56 -55 
-54 -53 -52 -51 -49 -48 -47 -46 -45 
-44 -43 -42 -41 -40 -39 -38 -37 -36 
-35 -34 -33 -32 -31 -30 -29 -28 -27 
-26 -25 -24 -23 -22 -21 -20 -19 -18 
-18 -17 -16 -15 -14 -13 -12 -11 -10 
-9 -8 -7 -6 -5 -4 -3 -2 -1 


10
1 56 8 94 -46 4 32 64 -65 6 
49 62 -76 34 98 -61 9 35 94 -9 
41 69 38 -57 62 14 6 -96 36 45 
68 24 65 -79 93 -42 46 5 91 5 
51 56 14 91 35 82 4 -78 54 -41 
54 18 9 63 -43 34 -16 -18 -29 56 
42 51 68 34 16 95 24 23 -43 6 
-19 96 27 -1 48 10 0 -71 51 -90 
79 55 -42 45 29 -33 87 -6 -39 97 
43 70 -63 45 -27 -82 32 80 -77 -38 

1 2 3 4 5 6 7 8 9 10 
11 12 13 14 15 16 17 18 91 54 
23 69 84 51 69 3 54 0 85 2 
46 2 0 9 4 9 0 16 69 63 
96 65 32 94 0 65 16 66 0 63 
0 29 15 64 33 66 94 75 24 1 
3 89 27 39 55 12 48 20 11 70 
12 19 -83 -18 15 -46 19 78 38 16 
93 -96 28 18 39 18 45 92 18 38 
94 31 51 85 79 93 32 52 18 95 
