
5
1 2 3 4 5 
6 7 8 9 10 
11 12 13 14 15 
16 17 18 19 20 
21 22 23 24 25 

25 24 23 22 21 
16 17 18 19 20 
15 14 13 12 11 
6 7 8 9 10 
5 4 3 2 1 

151 148 145 142 139 
486 478 470 462 454 
821 808 795 782 769 
1156 1138 1120 1102 1084 
1491 1468 1445 1422 1399 


6
36 35 34 33 32 31 
30 29 28 27 26 25 
24 23 22 21 20 19 
18 17 16 15 14 13 
12 11 10 9 8 7 
6 5 4 3 2 1 

1 2 3 4 5 6 
7 8 9 10 11 12 
13 14 15 16 17 18 
19 20 21 22 23 24 
25 26 27 28 29 30 
31 32 33 34 35 36 

3111 3312 3513 3714 3915 4116 
2535 2700 2865 3030 3195 3360 
1959 2088 2217 2346 2475 2604 
1383 1476 1569 1662 1755 1848 
807 864 921 978 1035 1092 
231 252 273 294 315 336 


7
1 2 3 4 5 6 7 
14 13 12 11 10 9 8 
15 16 17 18 19 20 21 
28 27 26 25 24 23 22 
29 30 31 32 33 34 35 
42 41 40 39 38 37 36 
43 44 45 46 47 48 49 

49 48 47 46 45 44 43 
42 41 40 39 38 37 36 
35 34 33 32 31 30 29 
28 27 26 25 24 23 22 
21 20 19 18 17 16 15 
14 13 12 11 10 9 8 
7 6 5 4 3 2 1 

588 560 532 504 476 448 420 
2352 2275 2198 2121 2044 1967 1890 
3332 3206 3080 2954 2828 2702 2576 
5096 4921 4746 4571 4396 4221 4046 
6076 5852 5628 5404 5180 4956 4732 
7840 7567 7294 7021 6748 6475 6202 
8820 8498 8176 7854 7532 7210 6888 


8
1 9 17 25 33 41 49 57 
2 10 18 26 34 42 50 58 
3 11 19 27 35 43 51 59 
4 12 20 28 36 44 52 60 
5 13 21 29 37 45 53 61 
6 14 22 30 38 46 54 62 
7 15 23 31 39 47 55 63 
8 16 24 32 40 48 56 64 

64 63 62 61 60 59 58 57 
56 55 54 53 52 51 50 49 
48 47 46 45 44 43 42 41 
40 39 38 37 36 35 34 33 
32 31 30 29 28 27 26 25 
24 23 22 21 20 19 18 17 
16 15 14 13 12 11 10 9 
8 7 6 5 4 3 2 1 

5664 5432 5200 4968 4736 4504 4272 4040 
5952 5712 5472 5232 4992 4752 4512 4272 
6240 5992 5744 5496 5248 5000 4752 4504 
6528 6272 6016 5760 5504 5248 4992 4736 
6816 6552 6288 6024 5760 5496 5232 4968 
7104 6832 6560 6288 6016 5744 5472 5200 
7392 7112 6832 6552 6272 5992 5712 5432 
7680 7392 7104 6816 6528 6240 5952 5664 


9
1 2 3 4 5 6 7 8 9 
10 11 12 13 14 15 16 17 18 
19 20 21 22 23 24 25 26 27 
28 29 30 31 32 33 34 35 36 
37 38 39 40 41 42 43 44 45 
46 47 48 49 50 51 52 53 54 
55 56 57 58 59 60 61 62 63 
64 65 66 67 68 69 70 71 72 
73 74 75 76 77 78 79 80 81 

-81 -80 -79 -78 -77 -76 -75 -74 -73 
-72 -71 -70 -69 -68 -67 -66 -65 -64 
-63 -62 -61 -60 -59 -58 -57 -56 -55 
-54 -53 -52 -51 -49 -48 -47 -46 -45 
-44 -43 -42 -41 -40 -39 -38 -37 -36 
-35 -34 -33 -32 -31 -30 -29 -28 -27 
-26 -25 -24 -23 -22 -21 -20 -19 -18 
-18 -17 -16 -15 -14 -13 -12 -11 -10 
-9 -8 -7 -6 -5 -4 -3 -2 -1 

-1467 -1422 -1377 -1332 -1283 -1238 -1193 -1148 -1103 
-5085 -4959 -4833 -4707 -4568 -4442 -4316 -4190 -4064 
-8703 -8496 -8289 -8082 -7853 -7646 -7439 -7232 -7025 
-12321 -12033 -11745 -11457 -11138 -10850 -10562 -10274 -9986 
-15939 -15570 -15201 -14832 -14423 -14054 -13685 -13316 -12947 
-19557 -19107 -18657 -18207 -17708 -17258 -16808 -16358 -15908 
-23175 -22644 -22113 -21582 -20993 -20462 -19931 -19400 -18869 
-26793 -26181 -25569 -24957 -24278 -23666 -23054 -22442 -21830 
-30411 -29718 -29025 -28332 -27563 -26870 -26177 -25484 -24791 


10
1 56 8 94 -46 4 32 64 -65 6 
49 62 -76 34 98 -61 9 35 94 -9 
41 69 38 -57 62 14 6 -96 36 45 
68 24 65 -79 93 -42 46 5 91 5 
51 56 14 91 35 82 4 -78 54 -41 
54 18 9 63 -43 34 -16 -18 -29 56 
42 51 68 34 16 95 24 23 -43 6 
-19 96 27 -1 48 10 0 -71 51 -90 
79 55 -42 45 29 -33 87 -6 -39 97 
43 70 -63 45 -27 -82 32 80 -77 -38 

1 2 3 4 5 6 7 8 9 10 
11 12 13 14 15 16 17 18 91 54 
23 69 84 51 69 3 54 0 85 2 
46 2 0 9 4 9 0 16 69 63 
96 65 32 94 0 65 16 66 0 63 
0 29 15 64 33 66 94 75 24 1 
3 89 27 39 55 12 48 20 11 70 
12 19 -83 -18 15 -46 19 78 38 16 
93 -96 28 18 39 18 45 92 18 38 
94 31 51 85 79 93 32 52 18 95 

-3908 9030 -5971 -2590 2564 -4126 1050 -252 14089 7442
18298 -7570 -3699 3450 -1971 3061 -1834 15035 3464 15848
11448 4503 17839 15714 7945 15226 7344 4084 4157 9068
16252 5186 11952 13033 10032 5974 8492 12642 4286 10179
8779 -1006 10410 10106 3048 10545 10161 8164 12306 8771
1532 2016 3392 3566 4678 5977 3055 -4 7678 5634
2180 16138 6279 12498 9400 7902 13865 8609 15897 7539
1651 -2650 7876 2334 -2652 1088 2731 -48 7631 271
10252 13318 4559 11007 8250 10979 1993 4509 6232 22032
-10835 3118 -16217 -14250 -8653 -13789 -11676 -7788 3861 2120

